1,17.0415651798
1,16.5918569565
1,16.5839281082
1,16.6907150745
1,16.5956289768
1,16.4960961342
1,16.5067698956
1,16.4460799694
1,16.4656910896
1,16.4375081062
1,16.4469168186
1,16.4487550259
1,16.4859368801
1,16.4780139923
1,16.7128190994
1,18.8095650673
1,16.7880160809
1,16.6568350792
1,16.6099801064
1,16.6787838936
1,16.6211271286
1,16.5274429321
1,16.7114567757
1,16.4487371445
1,16.5179960728
1,16.5096199512
1,17.1858811378
1,17.9480960369
1,16.5329220295
1,16.5782990456
2,26.6941809654
2,27.6283929348
2,26.2943999767
2,28.2234578133
2,28.5401778221
2,28.7596640587
2,28.149461031
2,28.1757619381
2,28.1555879116
2,28.1974987984
2,27.9629240036
2,28.0602309704
2,27.7662489414
2,30.4466021061
2,25.0592291355
2,26.2239789963
2,23.4168701172
2,22.9675309658
2,21.8376131058
2,22.8483200073
2,21.8378520012
2,23.0879030228
2,26.2449698448
2,30.0137760639
2,21.8074278831
2,22.4067091942
2,21.8578498363
2,22.3187050819
2,21.8739647865
2,22.4107329845
2,30.4970788956
3,22.6437988281
3,24.0255999565
3,19.2444338799
3,16.863421917
3,22.2848289013
3,16.9253058434
3,16.8734879494
3,16.7613170147
3,16.7166509628
3,16.7854890823
3,24.3429820538
3,25.0692298412
3,26.2550261021
3,26.4188158512
3,25.0798079967
3,28.1649320126
3,25.0084149837
3,20.5250570774
3,29.2679259777
3,29.3763768673
3,28.1174759865
3,28.8866398335
3,23.6172940731
3,16.8088519573
3,16.8724329472
3,16.8450038433
3,16.8456988335
3,16.8455610275
3,16.7421238422
3,22.8093440533
4,29.019849062
4,31.0061480999
4,29.71083498
4,35.9841740131
4,21.9493579865
4,40.7024378777
4,21.8971140385
4,40.6751670837
4,21.9178080559
4,39.3253719807
4,21.9153180122
4,38.053358078
4,21.9147179127
4,21.9093410969
4,21.9780550003
4,32.9881629944
4,21.9475028515
4,21.9486138821
4,21.9667711258
4,40.0230650902
4,40.3012371063
4,22.0146000385
4,40.8630640507
4,21.89316082
4,37.6584801674
4,21.9122388363
4,33.2035579681
4,28.0263869762
4,40.6240010262
4,21.9593288898
5,42.2501180172
5,39.7701458931
5,40.0877280235
5,41.0249109268
5,39.4028301239
5,43.5457890034
5,43.5145859718
5,42.2888929844
5,43.4390239716
5,42.5248191357
5,42.4127078056
5,43.2932491302
5,37.462875843
5,40.6532409191
5,43.4435298443
5,34.1474120617
5,42.2253420353
5,41.8901889324
5,41.1617000103
5,40.9934689999
5,42.7467679977
5,41.5076770782
5,41.7209489346
5,32.7691349983
5,35.8790910244
5,37.2675249577
5,42.0215389729
5,42.8139669895
5,41.9777190685
5,32.2213129997
6,21.1853809357
6,16.6934549809
6,21.4024782181
6,21.9999477863
6,16.705080986
6,16.7160949707
6,22.0995750427
6,21.7405548096
6,21.5060839653
6,22.1847040653
6,21.9619021416
6,21.6003129482
6,21.494341135
6,36.0555169582
6,36.0205309391
6,38.6341559887
6,25.292457819
6,23.6712899208
6,34.2861540318
6,24.1424489021
6,22.4860599041
6,26.7606658936
6,16.8905391693
6,16.8583099842
6,16.8452310562
6,16.8331699371
6,16.8690121174
6,16.7096469402
6,22.5651979446
7,34.216864109
7,48.6998550892
7,51.2201938629
7,38.1702120304
7,52.6677160263
7,36.3740098476
7,47.1964178085
7,41.9002509117
7,51.2608277798
7,39.4485070705
7,49.3303861618
7,44.5372920036
7,53.8004829884
7,44.1777441502
7,43.5743041039
7,32.4239649773
7,50.5513381958
7,38.7987391949
7,43.7268731594
7,35.8279080391
7,44.9759459496
7,48.8004961014
7,45.0358397961
7,51.3306601048
7,50.3994169235
7,50.8904550076
7,41.2254209518
7,47.6632421017
7,48.2305111885
7,49.1794919968
8,56.6168839931
8,33.5379939079
8,34.8378999233
8,32.1570260525
8,33.551897049
8,27.6398711205
8,21.8701350689
8,48.8553841114
8,36.1194341183
8,23.1424100399
8,21.8696770668
8,21.8922259808
8,23.4884970188
8,24.2516050339
8,36.9886038303
8,34.7697279453
8,28.487981081
8,21.7996029854
8,27.4815480709
8,24.2539730072
8,52.4244711399
8,64.2092039585
8,23.9898281097
8,28.6673908234
8,31.2288639545
8,29.6478190422
8,35.2591891289
8,22.0742549896
8,31.9752819538
9,40.5918149948
9,51.3525769711
9,50.479006052
9,65.0976891518
9,45.9661200047
9,63.0526788235
9,57.1660840511
9,53.7256448269
9,61.7899229527
9,59.8078000546
9,56.2294538021
9,55.0844969749
9,57.5663189888
9,46.3486330509
9,43.800620079
9,48.5359809399
9,63.724047184
9,56.6067838669
9,57.9088640213
9,53.7227070332
9,65.71093297
9,67.6607060432
9,65.7467019558
9,70.615500927
9,59.654227972
9,64.4439370632
9,71.7636458874
9,74.8658568859
9,72.9682898521
9,72.3994688988
10,72.1584169865
10,73.2666599751
10,76.4629399776
10,66.1904559135
10,64.1682219505
10,63.7956180573
10,72.177341938
10,58.329957962
10,59.2798609734
10,26.2362999916
10,71.3258039951
10,57.9935019016
10,67.6739401817
10,70.1477658749
10,66.8322930336
10,65.4400789738
10,62.5676240921
10,20.6883819103
10,21.5595591068
10,20.3996551037
10,21.9492399693
10,22.7343800068
10,62.4215798378
10,64.3563981056
10,61.9041340351
10,56.774148941
10,59.5243930817
10,59.3108799458
10,78.1477599144
10,73.5778958797
